0.380307538306 
0.157016136917 
0.40678677018 
0.371048201714 
0.653464941449 
0.997566197814 
0.0908115879757 
0.697146583249 
0.574986505854 
0.192824890818 
0.519159976356 
0.122152199008 
0.619330528381 
0.978769304015 
0.811764220307 
0.105166075767 
0.271096055615 
0.797492973045 
0.04205533614 
0.891416571281 
0.204683818082 
0.996794455106 
0.597085038881 
0.102275742804 
0.0221496077866 
0.446959565756 
0.887874730558 
0.425515352966 
0.613671590428 
0.0944388259743 
0.870665605543 
0.840480257695 
0.842479687443 
0.291806595926 
0.189637040038 
0.881210752666 
0.621999931465 
0.699394466221 
0.538893173415 
0.213278978467 
0.990425066108 
0.304641525544 
0.467528856096 
0.924701566043 
0.920896925771 
0.0649341045633 
0.315558410202 
0.743949171333 
0.577142250321 
0.460659027533 
