0.302542497281 
-0.232029533113 
0.391685379899 
-0.454050460892 
0.592101514265 
-1.03239940202 
0.0540472218798 
-0.773524571554 
0.487712220774 
-0.245077496658 
-0.557870469745 
0.0788727160067 
-0.671634688065 
-1.03231266515 
-0.887010983174 
-0.181222039111 
0.227704035887 
-0.87084237941 
-0.0362312656564 
-0.978188505049 
0.167634966026 
-1.05978885106 
-0.628168692418 
0.00656015047083 
-0.0557482083678 
0.381098036325 
-0.904114235102 
0.38263044929 
-0.684034302026 
-0.112695349309 
-0.924820160206 
-0.878567967268 
-0.867286477637 
-0.320233987693 
-0.256352180356 
-0.925066013509 
-0.683521371189 
-0.741553820791 
-0.600377893786 
-0.287466405396 
-1.03291835237 
-0.376437833022 
-0.52457915745 
-0.973505598052 
-0.970811580928 
-0.12357157344 
-0.341640103842 
-0.799249939391 
-0.600326909623 
-0.499694967938 
