0.380200311725 
0.15690631919 
0.406765870207 
0.370926661374 
0.653380322929 
0.997515136413 
0.0907608577836 
0.697034741552 
0.574866194585 
0.19274838595 
0.519103316569 
0.122092547576 
0.619253946283 
0.978690977723 
0.811654044032 
0.105054701495 
0.271036090913 
0.797385543222 
0.0419474114349 
0.891289535992 
0.204632901635 
0.996702151938 
0.597039458594 
0.10214375668 
0.0221003683092 
0.446868685024 
0.887850943488 
0.425456211016 
0.613568544823 
0.0944120779958 
0.870586249442 
0.840424458693 
0.842443415816 
0.291764941381 
0.189539304918 
0.881146472948 
0.621909893139 
0.699332712516 
0.538803140864 
0.213170388967 
0.990362816019 
0.304536372736 
0.46744531784 
0.924630138659 
0.920823908368 
0.0648482850906 
0.315520185802 
0.74386827472 
0.577108240841 
0.460601880996 
