0.380317433774 
0.157026310386 
0.406788642602 
0.371059291209 
0.653472574522 
0.997570818378 
0.090816303713 
0.69715687421 
0.574997525289 
0.192831778512 
0.519165292781 
0.122157529483 
0.619337549791 
0.978776453668 
0.811774305271 
0.105176238678 
0.271101452679 
0.797502849899 
0.0420651910003 
0.891428196628 
0.204688537483 
0.996802799515 
0.597089226202 
0.102287824704 
0.0221540775925 
0.44696796735 
0.887876954801 
0.425520723038 
0.613681010601 
0.0944412194952 
0.870673009943 
0.84048533169 
0.842483036092 
0.291810468125 
0.189645917234 
0.881216755469 
0.622008267778 
0.69940007971 
0.538901359302 
0.213288966494 
0.990430875117 
0.304651082755 
0.467536389844 
0.924708055785 
0.920903631981 
0.064942075912 
0.315561703429 
0.743956612194 
0.577145344145 
0.460664212904 
